  3.0000000e+002  3.4100000e-002
  3.0100000e+002  3.6014000e-001
  3.0200000e+002  6.8618000e-001
  3.0300000e+002  1.0122200e+000
  3.0400000e+002  1.3382600e+000
  3.0500000e+002  1.6643000e+000
  3.0600000e+002  1.9903400e+000
  3.0700000e+002  2.3163800e+000
  3.0800000e+002  2.6424200e+000
  3.0900000e+002  2.9684600e+000
  3.1000000e+002  3.2945000e+000
  3.1100000e+002  4.9886500e+000
  3.1200000e+002  6.6828000e+000
  3.1300000e+002  8.3769500e+000
  3.1400000e+002  1.0071100e+001
  3.1500000e+002  1.1765200e+001
  3.1600000e+002  1.3459400e+001
  3.1700000e+002  1.5153500e+001
  3.1800000e+002  1.6847700e+001
  3.1900000e+002  1.8541800e+001
  3.2000000e+002  2.0236000e+001
  3.2100000e+002  2.1917700e+001
  3.2200000e+002  2.3599500e+001
  3.2300000e+002  2.5281200e+001
  3.2400000e+002  2.6963000e+001
  3.2500000e+002  2.8644700e+001
  3.2600000e+002  3.0326500e+001
  3.2700000e+002  3.2008200e+001
  3.2800000e+002  3.3690000e+001
  3.2900000e+002  3.5371700e+001
  3.3000000e+002  3.7053500e+001
  3.3100000e+002  3.7343000e+001
  3.3200000e+002  3.7632600e+001
  3.3300000e+002  3.7922100e+001
  3.3400000e+002  3.8211600e+001
  3.3500000e+002  3.8501100e+001
  3.3600000e+002  3.8790700e+001
  3.3700000e+002  3.9080200e+001
  3.3800000e+002  3.9369700e+001
  3.3900000e+002  3.9659300e+001
  3.4000000e+002  3.9948800e+001
  3.4100000e+002  4.0445100e+001
  3.4200000e+002  4.0941400e+001
  3.4300000e+002  4.1437700e+001
  3.4400000e+002  4.1934000e+001
  3.4500000e+002  4.2430200e+001
  3.4600000e+002  4.2926500e+001
  3.4700000e+002  4.3422800e+001
  3.4800000e+002  4.3919100e+001
  3.4900000e+002  4.4415400e+001
  3.5000000e+002  4.4911700e+001
  3.5100000e+002  4.5084400e+001
  3.5200000e+002  4.5257000e+001
  3.5300000e+002  4.5429700e+001
  3.5400000e+002  4.5602300e+001
  3.5500000e+002  4.5775000e+001
  3.5600000e+002  4.5947700e+001
  3.5700000e+002  4.6120300e+001
  3.5800000e+002  4.6293000e+001
  3.5900000e+002  4.6465600e+001
  3.6000000e+002  4.6638300e+001
  3.6100000e+002  4.7183400e+001
  3.6200000e+002  4.7728500e+001
  3.6300000e+002  4.8273500e+001
  3.6400000e+002  4.8818600e+001
  3.6500000e+002  4.9363700e+001
  3.6600000e+002  4.9908800e+001
  3.6700000e+002  5.0453900e+001
  3.6800000e+002  5.0998900e+001
  3.6900000e+002  5.1544000e+001
  3.7000000e+002  5.2089100e+001
  3.7100000e+002  5.1877700e+001
  3.7200000e+002  5.1666400e+001
  3.7300000e+002  5.1455000e+001
  3.7400000e+002  5.1243700e+001
  3.7500000e+002  5.1032300e+001
  3.7600000e+002  5.0820900e+001
  3.7700000e+002  5.0609600e+001
  3.7800000e+002  5.0398200e+001
  3.7900000e+002  5.0186900e+001
  3.8000000e+002  4.9975500e+001
  3.8100000e+002  5.0442800e+001
  3.8200000e+002  5.0910000e+001
  3.8300000e+002  5.1377300e+001
  3.8400000e+002  5.1844600e+001
  3.8500000e+002  5.2311800e+001
  3.8600000e+002  5.2779100e+001
  3.8700000e+002  5.3246400e+001
  3.8800000e+002  5.3713700e+001
  3.8900000e+002  5.4180900e+001
  3.9000000e+002  5.4648200e+001
  3.9100000e+002  5.7458900e+001
  3.9200000e+002  6.0269500e+001
  3.9300000e+002  6.3080200e+001
  3.9400000e+002  6.5890900e+001
  3.9500000e+002  6.8701500e+001
  3.9600000e+002  7.1512200e+001
  3.9700000e+002  7.4322900e+001
  3.9800000e+002  7.7133600e+001
  3.9900000e+002  7.9944200e+001
  4.0000000e+002  8.2754900e+001
  4.0100000e+002  8.3628000e+001
  4.0200000e+002  8.4501100e+001
  4.0300000e+002  8.5374200e+001
  4.0400000e+002  8.6247300e+001
  4.0500000e+002  8.7120400e+001
  4.0600000e+002  8.7993600e+001
  4.0700000e+002  8.8866700e+001
  4.0800000e+002  8.9739800e+001
  4.0900000e+002  9.0612900e+001
  4.1000000e+002  9.1486000e+001
  4.1100000e+002  9.1680600e+001
  4.1200000e+002  9.1875200e+001
  4.1300000e+002  9.2069700e+001
  4.1400000e+002  9.2264300e+001
  4.1500000e+002  9.2458900e+001
  4.1600000e+002  9.2653500e+001
  4.1700000e+002  9.2848100e+001
  4.1800000e+002  9.3042600e+001
  4.1900000e+002  9.3237200e+001
  4.2000000e+002  9.3431800e+001
  4.2100000e+002  9.2756800e+001
  4.2200000e+002  9.2081900e+001
  4.2300000e+002  9.1406900e+001
  4.2400000e+002  9.0732000e+001
  4.2500000e+002  9.0057000e+001
  4.2600000e+002  8.9382100e+001
  4.2700000e+002  8.8707100e+001
  4.2800000e+002  8.8032200e+001
  4.2900000e+002  8.7357200e+001
  4.3000000e+002  8.6682300e+001
  4.3100000e+002  8.8500600e+001
  4.3200000e+002  9.0318800e+001
  4.3300000e+002  9.2137100e+001
  4.3400000e+002  9.3955400e+001
  4.3500000e+002  9.5773600e+001
  4.3600000e+002  9.7591900e+001
  4.3700000e+002  9.9410200e+001
  4.3800000e+002  1.0122800e+002
  4.3900000e+002  1.0304700e+002
  4.4000000e+002  1.0486500e+002
  4.4100000e+002  1.0607900e+002
  4.4200000e+002  1.0729400e+002
  4.4300000e+002  1.0850800e+002
  4.4400000e+002  1.0972200e+002
  4.4500000e+002  1.1093600e+002
  4.4600000e+002  1.1215100e+002
  4.4700000e+002  1.1336500e+002
  4.4800000e+002  1.1457900e+002
  4.4900000e+002  1.1579400e+002
  4.5000000e+002  1.1700800e+002
  4.5100000e+002  1.1708800e+002
  4.5200000e+002  1.1716900e+002
  4.5300000e+002  1.1724900e+002
  4.5400000e+002  1.1733000e+002
  4.5500000e+002  1.1741000e+002
  4.5600000e+002  1.1749000e+002
  4.5700000e+002  1.1757100e+002
  4.5800000e+002  1.1765100e+002
  4.5900000e+002  1.1773200e+002
  4.6000000e+002  1.1781200e+002
  4.6100000e+002  1.1751700e+002
  4.6200000e+002  1.1722200e+002
  4.6300000e+002  1.1692700e+002
  4.6400000e+002  1.1663200e+002
  4.6500000e+002  1.1633600e+002
  4.6600000e+002  1.1604100e+002
  4.6700000e+002  1.1574600e+002
  4.6800000e+002  1.1545100e+002
  4.6900000e+002  1.1515600e+002
  4.7000000e+002  1.1486100e+002
  4.7100000e+002  1.1496700e+002
  4.7200000e+002  1.1507300e+002
  4.7300000e+002  1.1518000e+002
  4.7400000e+002  1.1528600e+002
  4.7500000e+002  1.1539200e+002
  4.7600000e+002  1.1549800e+002
  4.7700000e+002  1.1560400e+002
  4.7800000e+002  1.1571100e+002
  4.7900000e+002  1.1581700e+002
  4.8000000e+002  1.1592300e+002
  4.8100000e+002  1.1521200e+002
  4.8200000e+002  1.1450100e+002
  4.8300000e+002  1.1378900e+002
  4.8400000e+002  1.1307800e+002
  4.8500000e+002  1.1236700e+002
  4.8600000e+002  1.1165600e+002
  4.8700000e+002  1.1094500e+002
  4.8800000e+002  1.1023300e+002
  4.8900000e+002  1.0952200e+002
  4.9000000e+002  1.0881100e+002
  4.9100000e+002  1.0886500e+002
  4.9200000e+002  1.0892000e+002
  4.9300000e+002  1.0897400e+002
  4.9400000e+002  1.0902800e+002
  4.9500000e+002  1.0908200e+002
  4.9600000e+002  1.0913700e+002
  4.9700000e+002  1.0919100e+002
  4.9800000e+002  1.0924500e+002
  4.9900000e+002  1.0930000e+002
  5.0000000e+002  1.0935400e+002
  5.0100000e+002  1.0919900e+002
  5.0200000e+002  1.0904400e+002
  5.0300000e+002  1.0888800e+002
  5.0400000e+002  1.0873300e+002
  5.0500000e+002  1.0857800e+002
  5.0600000e+002  1.0842300e+002
  5.0700000e+002  1.0826800e+002
  5.0800000e+002  1.0811200e+002
  5.0900000e+002  1.0795700e+002
  5.1000000e+002  1.0780200e+002
  5.1100000e+002  1.0750100e+002
  5.1200000e+002  1.0720000e+002
  5.1300000e+002  1.0689800e+002
  5.1400000e+002  1.0659700e+002
  5.1500000e+002  1.0629600e+002
  5.1600000e+002  1.0599500e+002
  5.1700000e+002  1.0569400e+002
  5.1800000e+002  1.0539200e+002
  5.1900000e+002  1.0509100e+002
  5.2000000e+002  1.0479000e+002
  5.2100000e+002  1.0508000e+002
  5.2200000e+002  1.0537000e+002
  5.2300000e+002  1.0566000e+002
  5.2400000e+002  1.0595000e+002
  5.2500000e+002  1.0623900e+002
  5.2600000e+002  1.0652900e+002
  5.2700000e+002  1.0681900e+002
  5.2800000e+002  1.0710900e+002
  5.2900000e+002  1.0739900e+002
  5.3000000e+002  1.0768900e+002
  5.3100000e+002  1.0736100e+002
  5.3200000e+002  1.0703200e+002
  5.3300000e+002  1.0670400e+002
  5.3400000e+002  1.0637500e+002
  5.3500000e+002  1.0604700e+002
  5.3600000e+002  1.0571900e+002
  5.3700000e+002  1.0539000e+002
  5.3800000e+002  1.0506200e+002
  5.3900000e+002  1.0473300e+002
  5.4000000e+002  1.0440500e+002
  5.4100000e+002  1.0436900e+002
  5.4200000e+002  1.0433300e+002
  5.4300000e+002  1.0429700e+002
  5.4400000e+002  1.0426100e+002
  5.4500000e+002  1.0422500e+002
  5.4600000e+002  1.0419000e+002
  5.4700000e+002  1.0415400e+002
  5.4800000e+002  1.0411800e+002
  5.4900000e+002  1.0408200e+002
  5.5000000e+002  1.0404600e+002
  5.5100000e+002  1.0364100e+002
  5.5200000e+002  1.0323700e+002
  5.5300000e+002  1.0283200e+002
  5.5400000e+002  1.0242800e+002
  5.5500000e+002  1.0202300e+002
  5.5600000e+002  1.0161800e+002
  5.5700000e+002  1.0121400e+002
  5.5800000e+002  1.0080900e+002
  5.5900000e+002  1.0040500e+002
  5.6000000e+002  1.0000000e+002
  5.6100000e+002  9.9633400e+001
  5.6200000e+002  9.9266800e+001
  5.6300000e+002  9.8900300e+001
  5.6400000e+002  9.8533700e+001
  5.6500000e+002  9.8167100e+001
  5.6600000e+002  9.7800500e+001
  5.6700000e+002  9.7433900e+001
  5.6800000e+002  9.7067400e+001
  5.6900000e+002  9.6700800e+001
  5.7000000e+002  9.6334200e+001
  5.7100000e+002  9.6279600e+001
  5.7200000e+002  9.6225000e+001
  5.7300000e+002  9.6170300e+001
  5.7400000e+002  9.6115700e+001
  5.7500000e+002  9.6061100e+001
  5.7600000e+002  9.6006500e+001
  5.7700000e+002  9.5951900e+001
  5.7800000e+002  9.5897200e+001
  5.7900000e+002  9.5842600e+001
  5.8000000e+002  9.5788000e+001
  5.8100000e+002  9.5077800e+001
  5.8200000e+002  9.4367500e+001
  5.8300000e+002  9.3657300e+001
  5.8400000e+002  9.2947000e+001
  5.8500000e+002  9.2236800e+001
  5.8600000e+002  9.1526600e+001
  5.8700000e+002  9.0816300e+001
  5.8800000e+002  9.0106100e+001
  5.8900000e+002  8.9395800e+001
  5.9000000e+002  8.8685600e+001
  5.9100000e+002  8.8817700e+001
  5.9200000e+002  8.8949700e+001
  5.9300000e+002  8.9081800e+001
  5.9400000e+002  8.9213800e+001
  5.9500000e+002  8.9345900e+001
  5.9600000e+002  8.9478000e+001
  5.9700000e+002  8.9610000e+001
  5.9800000e+002  8.9742100e+001
  5.9900000e+002  8.9874100e+001
  6.0000000e+002  9.0006200e+001
  6.0100000e+002  8.9965500e+001
  6.0200000e+002  8.9924800e+001
  6.0300000e+002  8.9884100e+001
  6.0400000e+002  8.9843400e+001
  6.0500000e+002  8.9802600e+001
  6.0600000e+002  8.9761900e+001
  6.0700000e+002  8.9721200e+001
  6.0800000e+002  8.9680500e+001
  6.0900000e+002  8.9639800e+001
  6.1000000e+002  8.9599100e+001
  6.1100000e+002  8.9409100e+001
  6.1200000e+002  8.9219000e+001
  6.1300000e+002  8.9029000e+001
  6.1400000e+002  8.8838900e+001
  6.1500000e+002  8.8648900e+001
  6.1600000e+002  8.8458900e+001
  6.1700000e+002  8.8268800e+001
  6.1800000e+002  8.8078800e+001
  6.1900000e+002  8.7888700e+001
  6.2000000e+002  8.7698700e+001
  6.2100000e+002  8.7257700e+001
  6.2200000e+002  8.6816700e+001
  6.2300000e+002  8.6375700e+001
  6.2400000e+002  8.5934700e+001
  6.2500000e+002  8.5493600e+001
  6.2600000e+002  8.5052600e+001
  6.2700000e+002  8.4611600e+001
  6.2800000e+002  8.4170600e+001
  6.2900000e+002  8.3729600e+001
  6.3000000e+002  8.3288600e+001
  6.3100000e+002  8.3329700e+001
  6.3200000e+002  8.3370700e+001
  6.3300000e+002  8.3411800e+001
  6.3400000e+002  8.3452800e+001
  6.3500000e+002  8.3493900e+001
  6.3600000e+002  8.3535000e+001
  6.3700000e+002  8.3576000e+001
  6.3800000e+002  8.3617100e+001
  6.3900000e+002  8.3658100e+001
  6.4000000e+002  8.3699200e+001
  6.4100000e+002  8.3332000e+001
  6.4200000e+002  8.2964700e+001
  6.4300000e+002  8.2597500e+001
  6.4400000e+002  8.2230200e+001
  6.4500000e+002  8.1863000e+001
  6.4600000e+002  8.1495800e+001
  6.4700000e+002  8.1128500e+001
  6.4800000e+002  8.0761300e+001
  6.4900000e+002  8.0394000e+001
  6.5000000e+002  8.0026800e+001
  6.5100000e+002  8.0045600e+001
  6.5200000e+002  8.0064400e+001
  6.5300000e+002  8.0083100e+001
  6.5400000e+002  8.0101900e+001
  6.5500000e+002  8.0120700e+001
  6.5600000e+002  8.0139500e+001
  6.5700000e+002  8.0158300e+001
  6.5800000e+002  8.0177000e+001
  6.5900000e+002  8.0195800e+001
  6.6000000e+002  8.0214600e+001
  6.6100000e+002  8.0420900e+001
  6.6200000e+002  8.0627200e+001
  6.6300000e+002  8.0833600e+001
  6.6400000e+002  8.1039900e+001
  6.6500000e+002  8.1246200e+001
  6.6600000e+002  8.1452500e+001
  6.6700000e+002  8.1658800e+001
  6.6800000e+002  8.1865200e+001
  6.6900000e+002  8.2071500e+001
  6.7000000e+002  8.2277800e+001
  6.7100000e+002  8.1878400e+001
  6.7200000e+002  8.1479100e+001
  6.7300000e+002  8.1079700e+001
  6.7400000e+002  8.0680400e+001
  6.7500000e+002  8.0281000e+001
  6.7600000e+002  7.9881600e+001
  6.7700000e+002  7.9482300e+001
  6.7800000e+002  7.9082900e+001
  6.7900000e+002  7.8683600e+001
  6.8000000e+002  7.8284200e+001
  6.8100000e+002  7.7427900e+001
  6.8200000e+002  7.6571600e+001
  6.8300000e+002  7.5715300e+001
  6.8400000e+002  7.4859000e+001
  6.8500000e+002  7.4002700e+001
  6.8600000e+002  7.3146500e+001
  6.8700000e+002  7.2290200e+001
  6.8800000e+002  7.1433900e+001
  6.8900000e+002  7.0577600e+001
  6.9000000e+002  6.9721300e+001
  6.9100000e+002  6.9910100e+001
  6.9200000e+002  7.0098900e+001
  6.9300000e+002  7.0287600e+001
  6.9400000e+002  7.0476400e+001
  6.9500000e+002  7.0665200e+001
  6.9600000e+002  7.0854000e+001
  6.9700000e+002  7.1042800e+001
  6.9800000e+002  7.1231500e+001
  6.9900000e+002  7.1420300e+001
  7.0000000e+002  7.1609100e+001
  7.0100000e+002  7.1883100e+001
  7.0200000e+002  7.2157100e+001
  7.0300000e+002  7.2431100e+001
  7.0400000e+002  7.2705100e+001
  7.0500000e+002  7.2979000e+001
  7.0600000e+002  7.3253000e+001
  7.0700000e+002  7.3527000e+001
  7.0800000e+002  7.3801000e+001
  7.0900000e+002  7.4075000e+001
  7.1000000e+002  7.4349000e+001
  7.1100000e+002  7.3074500e+001
  7.1200000e+002  7.1800000e+001
  7.1300000e+002  7.0525500e+001
  7.1400000e+002  6.9251000e+001
  7.1500000e+002  6.7976500e+001
  7.1600000e+002  6.6702000e+001
  7.1700000e+002  6.5427500e+001
  7.1800000e+002  6.4153000e+001
  7.1900000e+002  6.2878500e+001
  7.2000000e+002  6.1604000e+001
  7.2100000e+002  6.2432200e+001
  7.2200000e+002  6.3260300e+001
  7.2300000e+002  6.4088500e+001
  7.2400000e+002  6.4916600e+001
  7.2500000e+002  6.5744800e+001
  7.2600000e+002  6.6573000e+001
  7.2700000e+002  6.7401100e+001
  7.2800000e+002  6.8229300e+001
  7.2900000e+002  6.9057400e+001
  7.3000000e+002  6.9885600e+001
  7.3100000e+002  7.0405700e+001
  7.3200000e+002  7.0925900e+001
  7.3300000e+002  7.1446000e+001
  7.3400000e+002  7.1966200e+001
  7.3500000e+002  7.2486300e+001
  7.3600000e+002  7.3006400e+001
  7.3700000e+002  7.3526600e+001
  7.3800000e+002  7.4046700e+001
  7.3900000e+002  7.4566900e+001
  7.4000000e+002  7.5087000e+001
  7.4100000e+002  7.3937600e+001
  7.4200000e+002  7.2788100e+001
  7.4300000e+002  7.1638700e+001
  7.4400000e+002  7.0489300e+001
  7.4500000e+002  6.9339800e+001
  7.4600000e+002  6.8190400e+001
  7.4700000e+002  6.7041000e+001
  7.4800000e+002  6.5891600e+001
  7.4900000e+002  6.4742100e+001
  7.5000000e+002  6.3592700e+001
  7.5100000e+002  6.1875200e+001
  7.5200000e+002  6.0157800e+001
  7.5300000e+002  5.8440300e+001
  7.5400000e+002  5.6722900e+001
  7.5500000e+002  5.5005400e+001
  7.5600000e+002  5.3288000e+001
  7.5700000e+002  5.1570500e+001
  7.5800000e+002  4.9853100e+001
  7.5900000e+002  4.8135600e+001
  7.6000000e+002  4.6418200e+001
  7.6100000e+002  4.8456900e+001
  7.6200000e+002  5.0495600e+001
  7.6300000e+002  5.2534400e+001
  7.6400000e+002  5.4573100e+001
  7.6500000e+002  5.6611800e+001
  7.6600000e+002  5.8650500e+001
  7.6700000e+002  6.0689200e+001
  7.6800000e+002  6.2728000e+001
  7.6900000e+002  6.4766700e+001
  7.7000000e+002  6.6805400e+001
  7.7100000e+002  6.6463100e+001
  7.7200000e+002  6.6120900e+001
  7.7300000e+002  6.5778600e+001
  7.7400000e+002  6.5436400e+001
  7.7500000e+002  6.5094100e+001
  7.7600000e+002  6.4751800e+001
  7.7700000e+002  6.4409600e+001
  7.7800000e+002  6.4067300e+001
  7.7900000e+002  6.3725100e+001
  7.8000000e+002  6.3382800e+001
  7.8100000e+002  6.3474900e+001
  7.8200000e+002  6.3567000e+001
  7.8300000e+002  6.3659200e+001
  7.8400000e+002  6.3751300e+001
  7.8500000e+002  6.3843400e+001
  7.8600000e+002  6.3935500e+001
  7.8700000e+002  6.4027600e+001
  7.8800000e+002  6.4119800e+001
  7.8900000e+002  6.4211900e+001
  7.9000000e+002  6.4304000e+001
  7.9100000e+002  6.3818800e+001
  7.9200000e+002  6.3333600e+001
  7.9300000e+002  6.2848400e+001
  7.9400000e+002  6.2363200e+001
  7.9500000e+002  6.1877900e+001
  7.9600000e+002  6.1392700e+001
  7.9700000e+002  6.0907500e+001
  7.9800000e+002  6.0422300e+001
  7.9900000e+002  5.9937100e+001
  8.0000000e+002  5.9451900e+001
  8.0100000e+002  5.8702600e+001
  8.0200000e+002  5.7953300e+001
  8.0300000e+002  5.7204000e+001
  8.0400000e+002  5.6454700e+001
  8.0500000e+002  5.5705400e+001
  8.0600000e+002  5.4956200e+001
  8.0700000e+002  5.4206900e+001
  8.0800000e+002  5.3457600e+001
  8.0900000e+002  5.2708300e+001
  8.1000000e+002  5.1959000e+001
  8.1100000e+002  5.2507200e+001
  8.1200000e+002  5.3055300e+001
  8.1300000e+002  5.3603500e+001
  8.1400000e+002  5.4151600e+001
  8.1500000e+002  5.4699800e+001
  8.1600000e+002  5.5248000e+001
  8.1700000e+002  5.5796100e+001
  8.1800000e+002  5.6344300e+001
  8.1900000e+002  5.6892400e+001
  8.2000000e+002  5.7440600e+001
  8.2100000e+002  5.7727800e+001
  8.2200000e+002  5.8015000e+001
  8.2300000e+002  5.8302200e+001
  8.2400000e+002  5.8589400e+001
  8.2500000e+002  5.8876500e+001
  8.2600000e+002  5.9163700e+001
  8.2700000e+002  5.9450900e+001
  8.2800000e+002  5.9738100e+001
  8.2900000e+002  6.0025300e+001
  8.3000000e+002  6.0312500e+001
